wave(micron)	wave_err(micron)	depth(ppm)	depth_err(ppm)
1.079753697	0.000466049	20513.3325	92.60654375
1.080687165	0.00046742	20539.54603	92.67346592
1.081622005	0.00046742	21284.42015	97.36773482
1.082555532	0.000466108	22018.31677	103.1595577
1.083487749	0.000466108	23952.83443	124.1428406
1.084420204	0.000466347	21712.03909	101.0750434
1.085352778	0.000466228	20609.60204	93.19125627
1.086286902	0.000467896	20716.59661	93.2373724
1.087222695	0.000467896	21196.93795	93.60332406
1.08815676	0.000466168	20376.48661	94.948804
1.089089811	0.000466883	20715.62881	97.70283203
1.09002471	0.000468016	20393.01979	100.9200008
