Time - T0 (hours)	normalized flux
-3.815690609999999872e+00	9.996203287689575667e-01
-3.733282650000000036e+00	9.996018502053525268e-01
-3.650874679999999817e+00	9.995797396012827685e-01
-3.568466719999999981e+00	9.995514095346041961e-01
-3.486058760000000145e+00	9.995185299474979024e-01
-3.403650690000000090e+00	9.994810042558688323e-01
-3.321242840000000029e+00	9.994421971839108076e-01
-3.238834760000000035e+00	9.994033772805499538e-01
-3.156426929999999853e+00	9.993572187969594900e-01
-3.074018839999999919e+00	9.993066299048890544e-01
-2.991611010000000181e+00	9.992552776489797006e-01
-2.909202930000000187e+00	9.991962058129217894e-01
-2.826794969999999907e+00	9.991294879691315911e-01
-2.744387010000000071e+00	9.990570895705800369e-01
-2.661979049999999791e+00	9.989815845138874106e-01
-2.579571089999999955e+00	9.989060734411822073e-01
-2.497163130000000120e+00	9.988219625223032638e-01
-2.414755169999999840e+00	9.987290715134359287e-01
-2.332347210000000004e+00	9.986340327721885402e-01
-2.249939250000000168e+00	9.985332525591279484e-01
-2.167531289999999888e+00	9.984287502535611480e-01
-2.085123330000000053e+00	9.983149978918347545e-01
-2.002715250000000058e+00	9.981908808262769384e-01
-1.920307399999999998e+00	9.980653791288971455e-01
-1.837899329999999942e+00	9.979378234219882238e-01
-1.755491480000000104e+00	9.977997510121637825e-01
-1.673083410000000049e+00	9.976537118459928299e-01
-1.590675569999999928e+00	9.975077202689838218e-01
-1.508267479999999994e+00	9.973734669586378221e-01
-1.425859519999999936e+00	9.972345596923248845e-01
-1.343451560000000100e+00	9.969662819838421841e-01
-1.261043609999999981e+00	9.925235872602403697e-01
-1.178635649999999924e+00	9.870082341384083247e-01
-1.096227690000000088e+00	9.821330091378243088e-01
-1.013819730000000030e+00	9.773576636405617579e-01
-9.314117699999999722e-01	9.760251420344829842e-01
-8.490038100000000254e-01	9.751343814219669559e-01
-7.665957300000000307e-01	9.744501903234794593e-01
-6.841878900000000208e-01	9.739048328029802359e-01
-6.017798100000000261e-01	9.734630201221715629e-01
-5.193719700000000161e-01	9.730968462786765416e-01
-4.369638900000000215e-01	9.727958186597919221e-01
-3.545560500000000115e-01	9.725479987007008553e-01
-2.721479700000000168e-01	9.723625137181243216e-01
-1.897400099999999867e-01	9.722215797835280782e-01
-1.073320499999999983e-01	9.721202974697932264e-01
-2.492408999999999944e-02	9.720736986420424053e-01
5.748386999999999941e-02	9.720684168611196663e-01
1.398918399999999895e-01	9.721067250555752715e-01
2.222997999999999919e-01	9.721967268531270800e-01
3.047077599999999942e-01	9.723357413423778794e-01
3.871157199999999965e-01	9.725230712727590543e-01
4.695236700000000041e-01	9.727716308961690261e-01
5.519316300000000064e-01	9.730784229762974302e-01
6.343395899999999532e-01	9.734636074938796124e-01
7.167475500000000110e-01	9.739412751521815403e-01
7.991556300000000057e-01	9.745231531001199432e-01
8.815634700000000157e-01	9.752671828604544402e-01
9.639715500000000103e-01	9.762761519684980405e-01
1.046379390000000020e+00	9.787195706496458758e-01
1.128787470000000015e+00	9.843129995654609221e-01
1.211195430000000073e+00	9.885855210500704704e-01
1.293603389999999909e+00	9.927259749985900550e-01
1.376011349999999966e+00	9.963885385350250701e-01
1.458419310000000024e+00	9.965444580769163840e-01
1.540827270000000082e+00	9.967126349894492865e-01
1.623235229999999918e+00	9.968844102819827135e-01
1.705643189999999976e+00	9.970569355301057701e-01
1.788051159999999973e+00	9.972223437346040553e-01
1.870459120000000031e+00	9.973797191135315154e-01
1.952867080000000088e+00	9.975326451791957094e-01
2.035275040000000146e+00	9.976792378365683112e-01
2.117682999999999982e+00	9.978072666279048653e-01
2.200091079999999977e+00	9.979267295587346265e-01
2.282498910000000159e+00	9.980397658128489224e-01
2.337437669999999912e+00	9.981080222216907050e-01
