Time - T0 (hours)	normalized flux
-3.765303306252462789e+00	1.000110013755322047e+00
-3.582174490409670398e+00	1.000033777184740291e+00
-3.399045674566878006e+00	9.994530211534982111e-01
-3.215916858724085614e+00	9.999049203716328105e-01
-3.032788042881293222e+00	9.995897154130238826e-01
-2.849659227038500831e+00	9.990985387697894904e-01
-2.666530411195708439e+00	9.987697924032445940e-01
-2.483401595352916047e+00	9.991798873691400962e-01
-2.300272779510123655e+00	9.983102321616270647e-01
-2.117143963667331263e+00	9.981309283160335610e-01
-1.934015147824538872e+00	9.983317051257809549e-01
-1.750886331981746480e+00	9.980803160806936969e-01
-1.567757516138954088e+00	9.973686755092942002e-01
-1.384628700296161696e+00	9.968651567394865021e-01
-1.201499884453369305e+00	9.886632861513383608e-01
-1.018371068610576913e+00	9.781019385400124833e-01
-8.352422527677845210e-01	9.749044051423553237e-01
-6.521134369249921292e-01	9.736309583050338778e-01
-4.689846210821997374e-01	9.727143778777056493e-01
-2.858558052394073457e-01	9.721890981705602064e-01
-1.027269893966149539e-01	9.720165554643396266e-01
8.040182644617743790e-02	9.721516926639365286e-01
2.635306422889698297e-01	9.716106505513953939e-01
4.466594581317622215e-01	9.726955319885869367e-01
6.297882739745546132e-01	9.731610259877898628e-01
8.129170898173470050e-01	9.753554154837938972e-01
9.960459056601393968e-01	9.774765800108594638e-01
1.179174721502931789e+00	9.867239528045569363e-01
1.362303537345724180e+00	9.958642248856959256e-01
1.545432353188516572e+00	9.969162957556045868e-01
1.728561169031308964e+00	9.970458434941693593e-01
1.911689984874101356e+00	9.979744004532647983e-01
2.094818800716893747e+00	9.979879894876984014e-01
