wave(micron)	best-fit(ppm)
0.608040988	20886.88651
0.610067904	20880.97172
0.612101614	20876.82174
0.61414206	20881.29859
0.616189361	20903.25668
0.618243456	20927.50538
0.620304406	20941.55337
0.62237221	20947.50175
0.624446869	20944.25207
0.626528502	20935.30752
0.628617048	20926.48378
0.630712569	20916.76527
0.632815123	20908.52705
0.634924591	20906.55297
0.637041152	20909.0633
0.639164746	20906.2109
0.641295433	20896.98783
0.643433213	20887.53576
0.645578146	20878.55605
0.647730231	20871.76623
0.649889469	20866.79091
0.65205586	20861.1769
0.654229522	20857.64578
0.656410456	20858.47038
0.658598602	20860.27717
0.660794079	20863.61551
0.662996888	20871.52366
0.665206969	20883.55711
0.6674245	20896.28731
0.669649363	20907.56537
0.671881676	20917.624
0.674121439	20922.93725
0.676368654	20922.23987
0.678623319	20920.76295
0.680885553	20918.55628
0.683155298	20915.24917
0.685432673	20912.73236
0.687717557	20907.59888
0.69001013	20897.11797
0.692310274	20882.7213
0.694618106	20866.5887
0.696933687	20851.22854
0.699256897	20837.85452
0.701587915	20824.95671
0.703926682	20820.96658
0.706273258	20837.59317
0.708627641	20862.04415
0.710989892	20881.31082
0.713360012	20896.95414
0.715738058	20904.91954
0.718123972	20898.27301
0.720517874	20881.76201
0.722919762	20860.64441
0.725329638	20837.67954
0.72774756	20817.81836
0.730173528	20797.80426
0.732607603	20776.73608
0.735049784	20758.44075
0.737500072	20742.47817
0.739958584	20730.00657
0.742425263	20722.52132
0.744900167	20718.22393
0.747383296	20714.04552
0.749874771	20709.50544
0.75237447	20706.26574
0.754882574	20705.46886
0.757399023	20711.18535
0.759923816	20725.56857
0.762457073	20748.07395
0.764998734	20782.49323
0.767548919	20810.38677
0.770107567	20808.74741
0.772674739	20788.98073
0.775250494	20777.37693
0.777834833	20772.96924
0.780427754	20765.87889
0.783029318	20759.15699
0.785639584	20751.9491
0.788258553	20741.44663
0.790886283	20730.70789
0.793522716	20720.72949
0.79616797	20712.12566
0.798822045	20704.80294
0.801484942	20696.97239
0.804156721	20688.82478
0.80683738	20681.83621
0.80952704	20678.12887
0.81222564	20678.90661
0.814933181	20680.3372
0.817649841	20681.71137
0.820375502	20682.28309
0.823110223	20678.70956
0.825854123	20675.08009
0.828607142	20675.11964
0.83136934	20675.68667
0.834140718	20674.62997
0.836921394	20674.01949
0.839711308	20677.06486
0.842510521	20688.41124
0.845319033	20703.06515
0.848136961	20707.41443
0.850964248	20700.01102
0.853801012	20689.31059
0.856647193	20683.01581
0.859502852	20677.86415
0.862368047	20667.79561
0.865242779	20655.50964
0.868127108	20648.3605
0.871021032	20646.96407
0.873924613	20644.02746
0.87683785	20637.48432
0.879760861	20630.9663
0.882693589	20633.37226
0.885636091	20649.21856
0.888588369	20665.88738
0.891550541	20674.28698
0.894522548	20675.7878
0.897504449	20668.10207
0.900496364	20655.50294
0.903498173	20646.89746
0.906510055	20645.08371
0.909531951	20647.89524
0.91256386	20651.80183
0.915605962	20649.41689
0.918658197	20638.09149
0.921720564	20630.99089
0.924793124	20641.37941
0.927875996	20673.96871
0.930969119	20714.44909
0.934072554	20735.91239
0.937186301	20724.41415
0.940310419	20699.93289
0.943445027	20686.19095
0.946590006	20682.30127
0.949745536	20681.05454
0.952911556	20669.39838
0.956088126	20655.51
0.959275246	20647.01295
0.962473035	20644.42651
0.965681493	20637.81679
0.968900621	20627.12101
0.972130537	20623.88025
0.975371122	20620.33691
0.978622615	20613.73288
0.981884897	20613.51366
0.985158026	20614.74254
0.988442063	20614.45324
0.991737127	20613.67174
0.995043099	20606.47791
0.998360097	20598.57632
1.001688242	20594.54801
1.005027413	20591.44115
1.008377671	20587.89397
1.011739135	20586.15719
1.015111804	20586.36351
1.018495679	20586.13867
1.021890879	20586.09373
1.025297403	20587.52142
1.028715372	20587.31974
1.032144547	20584.03269
1.035585284	20579.65638
1.039037466	20576.29107
1.042501092	20573.91094
1.0459764	20571.01449
1.049463153	20568.73145
1.052961588	20566.60115
1.056471705	20563.55042
1.059993505	20561.15797
1.063526988	20561.07793
1.067072272	20561.38609
1.070629478	20560.34362
1.074198484	20558.11136
1.077779293	20555.37119
1.081372142	20553.04268
1.084976912	20552.0075
1.088593721	20552.72892
1.092222571	20554.55994
1.095863581	20557.43528
1.099516749	20566.60295
1.103181958	20581.00279
1.106859446	20594.32265
1.110549212	20615.03697
1.114251375	20641.63886
1.117965698	20654.70493
1.121692538	20657.70571
1.125431776	20654.22941
1.129183412	20657.25305
1.132947564	20678.37897
1.136724353	20671.54756
1.140513659	20633.85472
1.1443156	20618.68644
1.148130178	20628.7234
1.151957512	20644.70257
1.155797601	20645.02359
1.159650564	20621.13582
1.163516283	20603.4915
1.167394876	20596.64781
1.171286464	20585.50661
1.175191045	20572.92886
1.1791085	20561.29409
1.183039188	20552.29771
1.18698287	20545.65434
1.190939784	20543.57365
1.194909811	20544.20188
1.19889307	20541.14566
1.202889562	20538.01003
1.206899524	20537.02649
1.210922718	20536.43841
1.214959383	20536.23145
1.219009519	20535.47039
1.223073125	20534.33674
1.227150321	20532.19177
1.231241107	20530.44139
1.235345483	20529.70668
1.239463568	20531.13856
1.243595362	20532.89347
1.247740984	20532.08993
1.251900315	20530.06117
1.256073594	20529.21953
1.26026082	20529.29218
1.264461875	20529.66308
1.268676996	20529.89185
1.272906184	20529.95444
1.277149558	20531.19862
1.281406999	20533.57076
1.285678625	20534.29449
1.289964437	20534.05676
1.294264555	20535.51248
1.298579097	20536.6954
1.302907944	20539.37976
1.307251215	20543.69053
1.31160903	20545.86203
1.315981269	20543.85331
1.320368171	20541.54724
1.324769735	20547.29376
1.329185843	20572.72882
1.333616734	20624.55316
1.338062406	20681.65595
1.342522979	20721.08684
1.346998334	20765.72245
1.35148859	20821.43466
1.355993748	20841.65478
1.360514045	20823.15388
1.365049362	20804.23363
1.369599819	20808.16258
1.374165416	20844.39913
1.378746271	20859.87892
1.383342385	20843.12002
1.387953877	20816.3331
1.392580628	20808.88454
1.397222877	20823.43471
1.401880622	20842.63089
1.406553745	20860.48245
1.411242604	20852.68842
1.41594708	20836.97456
1.420667171	20840.88062
1.425402999	20835.72447
1.430154681	20806.05797
1.434922099	20778.16548
1.439705491	20767.87794
1.444504857	20762.30689
1.449320197	20742.50458
1.454151511	20722.63048
1.458999038	20710.58361
1.463862658	20704.30258
1.46874249	20686.60973
1.473638654	20660.16258
1.47855103	20667.8032
1.483479857	20694.45999
1.488425136	20685.33342
1.493386865	20653.60484
1.498365045	20632.22893
1.503359914	20610.56007
1.508371472	20600.23418
1.51339972	20601.0107
1.518444657	20597.80458
1.523506403	20594.71914
1.528585076	20592.02518
1.533680797	20587.55017
1.538793325	20586.30781
1.543922901	20583.60187
1.549069643	20579.52914
1.554233551	20577.57282
1.559414744	20580.24377
1.564613104	20585.78224
1.569828749	20578.6937
1.575061798	20560.57769
1.580312371	20565.08579
1.585580468	20583.94248
1.59086597	20576.6838
1.596169233	20555.81768
1.60149014	20548.77099
1.606828809	20549.05259
1.61218524	20548.82572
1.617559552	20550.30375
1.622951746	20552.33564
1.628361821	20550.58106
1.633790135	20545.0553
1.63923645	20539.73538
1.644700885	20537.17134
1.650183558	20534.59783
1.655684471	20531.82858
1.661203742	20529.90801
1.66674149	20529.09999
1.672297597	20528.04191
1.6778723	20524.53682
1.6834656	20523.47876
1.689077497	20525.41361
1.694708109	20523.81487
1.700357437	20524.30245
1.70602572	20529.64094
1.711712837	20531.44247
1.717418909	20534.16773
1.723143935	20537.51852
1.728888154	20541.69739
1.734651446	20552.58366
1.740433931	20562.47481
1.746235728	20561.87749
1.752056956	20561.50239
1.757897496	20567.75842
1.763757467	20574.18732
1.769637108	20589.6648
1.775536299	20610.49126
1.78145504	20627.96908
1.78739357	20645.81237
1.793352008	20659.48377
1.799330235	20674.6514
1.805328369	20705.06131
1.811346412	20709.59688
1.81738472	20683.79935
1.823443055	20678.66113
1.829521537	20704.2829
1.835620284	20742.10663
1.841739416	20741.13246
1.847878933	20723.21654
1.854038954	20747.84034
1.860219479	20765.26189
1.866420507	20760.64465
1.872642398	20742.07743
1.878884912	20691.8784
1.885148287	20649.9288
1.891432405	20647.07534
1.897737622	20666.1691
1.904063821	20673.43491
1.910411119	20676.29912
1.916779518	20674.7905
1.923169136	20667.15745
1.929580212	20680.33972
1.936012506	20741.39622
1.942466259	20788.81418
1.948941588	20745.15109
1.955438495	20662.69193
1.961956978	20617.79248
1.968497276	20608.9005
1.975059271	20630.68483
1.981643319	20642.50385
1.988249183	20629.33573
1.9948771	20613.28425
2.001527071	20598.77052
2.008199215	20595.85638
2.01489377	20598.82299
2.021610498	20583.17844
2.028349638	20558.36819
2.035111189	20544.59891
2.041895151	20542.64115
2.048702002	20542.28149
2.055531502	20537.41406
2.062383652	20533.36414
2.06925869	20534.80089
2.076156616	20532.18068
2.083077669	20522.84503
2.09002161	20516.2291
2.096988678	20513.50647
2.103979111	20511.19891
2.110992908	20509.33485
2.118030071	20506.96735
2.125090599	20500.8739
2.132174492	20495.50499
2.139282227	20492.13894
2.146413565	20488.98622
2.153568745	20486.08774
2.160747766	20482.70876
2.167950869	20479.24783
2.175177813	20474.97367
2.182428837	20471.1715
2.189703941	20471.2017
2.197003365	20476.06641
2.204327345	20477.14259
2.211675406	20470.22261
2.219048262	20462.79639
2.226445436	20457.12654
2.233867407	20452.355
2.241314173	20448.54628
2.248785734	20445.48302
2.256282091	20443.42366
2.263803482	20442.39927
2.271349907	20439.7657
2.278921604	20436.72171
2.286518574	20439.55166
2.294140816	20449.55436
2.30178833	20469.99099
2.309461355	20492.7489
2.31716013	20501.33428
2.324884415	20501.52731
2.332634687	20503.08727
2.340410471	20506.33356
2.348212481	20499.89483
2.356040239	20498.74762
2.363894224	20505.96997
2.371774435	20495.06775
2.379680634	20486.10253
2.387613535	20486.8931
2.395572662	20494.01565
2.403558493	20521.49279
2.411570787	20546.04089
2.419609785	20536.95585
2.427675724	20522.61063
2.435768604	20525.88101
2.443888187	20536.37469
2.452035189	20554.42248
2.460209131	20583.77961
2.468410254	20602.38104
2.476638794	20633.13052
2.484894753	20683.40135
2.493178368	20713.66427
2.501489401	20745.26562
2.509828329	20761.41191
2.518194914	20748.13645
2.526589394	20737.27171
2.535011768	20742.31483
2.543462515	20811.66959
2.551941156	20894.5615
2.56044817	20896.02267
2.568983555	20853.67459
2.577547312	20836.77488
2.586139679	20813.34251
2.594760656	20758.63311
2.603410482	20730.56639
2.612088919	20735.31236
2.620796442	20760.42395
2.629533052	20765.15403
2.63829875	20728.65366
2.647093534	20697.25271
2.655917883	20708.90049
2.664771318	20765.26061
2.673654556	20857.85755
2.682567358	20951.67115
2.691509724	21002.1858
2.700481892	20989.57879
2.7094841	20948.11511
2.71851635	20894.35259
2.72757864	20833.33289
2.736671209	20782.5144
2.745794058	20735.77376
2.754947186	20743.26167
2.764130831	20790.05741
2.773345232	20820.61372
2.782590389	20850.95217
2.791866302	20887.58478
2.801172972	20933.24873
2.810510874	20924.37821
2.81987977	20872.70217
2.8292799	20856.51533
2.8387115	20872.25918
2.848174572	20850.5168
2.857668877	20788.06557
2.867195129	20741.1734
2.876753092	20739.96967
2.886342764	20751.09452
2.895964622	20773.87004
2.905618429	20780.9079
2.915304422	20756.53975
2.925022602	20747.25229
2.934773445	20742.26702
2.944556475	20739.36222
2.954372406	20718.05765
2.964221001	20677.95559
2.974102259	20653.66789
2.984016657	20629.93185
2.993963957	20609.72317
3.003944397	20616.1424
3.013958216	20622.78352
3.024005413	20619.33491
3.034085989	20616.50268
3.044200182	20631.70694
3.05434823	20644.00294
3.064529896	20636.67239
3.074745655	20620.5216
3.084995508	20595.5088
3.095279455	20570.46946
3.105597734	20544.17346
3.115950346	20518.01311
3.126337528	20511.77931
3.136759281	20529.75283
3.147215843	20534.24775
3.157707214	20518.38368
3.168233633	20510.66912
3.178795099	20521.94349
3.189391613	20561.00895
3.200023651	20593.56182
3.210690975	20570.34711
3.221394062	20540.15803
3.232132673	20542.85852
3.242907047	20547.27676
3.253717422	20522.16429
3.264563799	20497.11235
3.275446415	20484.74967
3.286365271	20486.66513
3.297320604	20497.48502
3.308312178	20493.24356
3.319340706	20477.84494
3.330405951	20467.82523
3.341507912	20482.15345
3.352646828	20490.38163
3.363823175	20466.76044
3.375036478	20449.22344
3.386287451	20451.35135
3.397575855	20462.35808
3.408901691	20460.59283
3.420265436	20435.63522
3.431667089	20416.39025
3.443106651	20412.10297
3.45458436	20410.61762
3.466100454	20405.38698
3.477654696	20402.57784
3.489247561	20398.0392
3.500879288	20389.61514
3.512549639	20384.85897
3.524258852	20379.52808
3.536007166	20373.38846
3.54779458	20371.00613
3.559621096	20371.09909
3.571487427	20371.79615
3.583393097	20369.99732
3.595338345	20365.99762
3.607323647	20361.71793
3.619348764	20356.7203
3.631414175	20352.62783
3.64351964	20349.55526
3.655665398	20346.33379
3.667851686	20341.0178
3.680078745	20336.01938
3.692346334	20336.50622
3.704654932	20337.51133
3.717004538	20334.86023
3.72939539	20331.82484
3.741827488	20328.45419
3.754301071	20325.91814
3.766816139	20326.35029
3.779372931	20324.4149
3.791971684	20320.81967
3.804612398	20319.4504
3.817295074	20318.16516
3.830020189	20317.37077
3.842787743	20316.42182
3.855597973	20313.11561
3.868450642	20309.42233
3.881346464	20308.80122
3.894284964	20310.43761
3.907266855	20310.07122
3.920291901	20307.64858
3.933360338	20305.43989
3.946472168	20303.46177
3.959628105	20303.55363
3.972827673	20307.12745
3.98607111	20309.87841
3.999358892	20310.27472
4.012691021	20310.06251
4.026067257	20309.50551
4.039488316	20310.51271
4.052954197	20311.94963
4.066464901	20312.77175
4.080020905	20314.98301
4.093621731	20315.90685
4.107267857	20316.11098
4.120959759	20318.54976
4.13469696	20318.97003
4.148480415	20318.64969
4.16230917	20322.03177
4.176184654	20323.94705
4.190105915	20326.08676
4.204073906	20337.43823
4.218088627	20347.96173
4.232149601	20342.4417
4.246257782	20339.01428
4.260412693	20344.4737
4.274614811	20347.30146
4.288864613	20341.50285
4.303161621	20332.60311
4.317506313	20336.30735
4.331899166	20348.23199
4.346339703	20354.13677
4.3608284	20346.88097
4.375365257	20344.16448
4.389950752	20351.55906
4.404584885	20350.46915
4.419267654	20357.3872
4.433999538	20390.49969
4.448780537	20416.55802
4.463610649	20435.10592
4.478490353	20474.32005
4.493419647	20530.45656
4.508398533	20581.10258
4.523427486	20611.87829
4.538506508	20621.49815
4.553636074	20656.12202
4.568815708	20697.93957
4.584045887	20685.25956
4.599327087	20663.93493
4.614659309	20655.16572
4.630042076	20622.51854
4.645476818	20574.34016
4.660962582	20537.75643
4.67650032	20534.42002
4.692089558	20563.84561
4.70773077	20600.06054
4.723423958	20609.46804
4.739170074	20596.12694
4.754968166	20585.92249
4.770819187	20585.7057
4.78672266	20591.92159
4.802679539	20591.75144
4.818689346	20589.00644
4.83475256	20597.75761
4.850869656	20576.70547
4.867040157	20507.61945
4.883264542	20464.36049
4.899543285	20444.67729
4.915875912	20413.86245
4.932263374	20401.57266
4.948705196	20414.24837
4.965201855	20413.52861
4.981753826	20390.37812
4.998360634	20388.44053
5.015022755	20418.57082
5.031740665	20427.63186
5.048513889	20398.33983
5.06534338	20376.41237
5.082229137	20369.80222
5.099170685	20377.00484
5.116168976	20389.67171
5.13322401	20404.1837
5.150335789	20405.99943
5.167504787	20381.32612
5.184731007	20370.40803
5.202014446	20401.0563
5.219355583	20421.52762
5.236754417	20410.52782
5.254211426	20429.35394
5.271726608	20461.73012
5.289299965	20448.8585
5.306932449	20421.15306
5.324623108	20417.47885
